((23, 27), (20, 24)) 1697813618084
((27, 31), (18, 22)) 1697813618571
((27, 31), (17, 21)) 1697813618590
((23, 27), (16, 20)) 1697813618607
Duracao: 523 ms

((24, 28), (13, 17)) 1697813618630
((23, 27), (15, 19)) 1697813618653
((24, 28), (13, 17)) 1697813618670
((24, 28), (13, 17)) 1697813618689
((23, 27), (17, 21)) 1697813618710
((24, 28), (13, 17)) 1697813618728
((21, 25), (13, 17)) 1697813620281
((21, 25), (12, 16)) 1697813620302
Duracao: 1672 ms

((32, 36), (38, 42)) 1697813622188
((32, 36), (38, 42)) 1697813622210
((31, 35), (42, 46)) 1697813622227
((31, 35), (41, 45)) 1697813622246
((31, 35), (41, 45)) 1697813622264
((31, 35), (41, 45)) 1697813622286
((32, 36), (38, 42)) 1697813622303
((32, 36), (38, 42)) 1697813622322
((31, 35), (41, 45)) 1697813622338
((31, 35), (41, 45)) 1697813622356
((31, 35), (42, 46)) 1697813622374
((31, 35), (42, 46)) 1697813625194
((32, 36), (41, 45)) 1697813625278
Duracao: 3090 ms

((32, 36), (29, 33)) 1697813625313
((32, 36), (31, 35)) 1697813625331
((32, 36), (31, 35)) 1697813625353
((32, 36), (31, 35)) 1697813625368
((32, 36), (31, 35)) 1697813625387
((32, 36), (31, 35)) 1697813625405
((32, 36), (31, 35)) 1697813625424
((32, 36), (31, 35)) 1697813625444
((32, 36), (31, 35)) 1697813625464
((32, 36), (30, 34)) 1697813625485
((32, 36), (31, 35)) 1697813625502
((32, 36), (31, 35)) 1697813625523
((32, 36), (31, 35)) 1697813625541
((32, 36), (31, 35)) 1697813625558
Duracao: 245 ms

((32, 36), (20, 24)) 1697813625580
((31, 35), (20, 24)) 1697813625598
((31, 35), (20, 24)) 1697813625619
((32, 36), (18, 22)) 1697813625634
((31, 35), (20, 24)) 1697813625655
((31, 35), (20, 24)) 1697813625672
((31, 35), (20, 24)) 1697813625691
((32, 36), (17, 21)) 1697813625710
((31, 35), (20, 24)) 1697813625730
((32, 36), (18, 22)) 1697813625752
((31, 35), (21, 25)) 1697813625766
Duracao: 186 ms

((31, 35), (49, 53)) 1697813625820
Duracao: 0 ms

((19, 23), (5, 9)) 1697813632691
((19, 23), (6, 10)) 1697813632711
((21, 25), (7, 11)) 1697813632758
((21, 25), (7, 11)) 1697813632793
((19, 23), (6, 10)) 1697813632810
Duracao: 119 ms

((23, 27), (0, 4)) 1697813632922
((23, 27), (0, 4)) 1697813632940
((23, 27), (2, 6)) 1697813632970
((22, 26), (0, 4)) 1697813632992
((23, 27), (0, 4)) 1697813633009
((23, 27), (0, 4)) 1697813633028
((23, 27), (0, 4)) 1697813633048
((23, 27), (0, 4)) 1697813633066
((23, 27), (0, 4)) 1697813633085
Duracao: 163 ms

((31, 35), (34, 38)) 1697813637744
((31, 35), (35, 39)) 1697813637760
((31, 35), (34, 38)) 1697813637785
((31, 35), (34, 38)) 1697813637876
Duracao: 132 ms

((23, 27), (20, 24)) 1697813638922
((19, 23), (16, 20)) 1697813639050
((19, 23), (16, 20)) 1697813639085
((19, 23), (16, 20)) 1697813639101
((19, 23), (16, 20)) 1697813639153
((19, 23), (16, 20)) 1697813639169
Duracao: 247 ms

((23, 27), (15, 19)) 1697813640366
((23, 27), (16, 20)) 1697813640385
((23, 27), (16, 20)) 1697813640401
((23, 27), (16, 20)) 1697813640422
((23, 27), (16, 20)) 1697813640438
((23, 27), (16, 20)) 1697813640462
((23, 27), (16, 20)) 1697813640484
((23, 27), (15, 19)) 1697813640502
((23, 27), (16, 20)) 1697813640520
((23, 27), (16, 20)) 1697813640552
((23, 27), (16, 20)) 1697813640568
((24, 28), (13, 17)) 1697813640620
Duracao: 254 ms

((32, 36), (24, 28)) 1697813644862
((31, 35), (27, 31)) 1697813644883
((31, 35), (27, 31)) 1697813644922
((31, 35), (27, 31)) 1697813644995
Duracao: 133 ms

((31, 35), (31, 35)) 1697813648580
((31, 35), (30, 34)) 1697813648598
((31, 35), (31, 35)) 1697813648619
((27, 31), (30, 34)) 1697813648715
Duracao: 135 ms

((31, 35), (44, 48)) 1697813654321
Duracao: 0 ms

((28, 32), (19, 23)) 1697813654336
((28, 32), (20, 24)) 1697813654357
((28, 32), (20, 24)) 1697813654372
((28, 32), (19, 23)) 1697813654391
((28, 32), (19, 23)) 1697813654409
((28, 32), (19, 23)) 1697813654426
((28, 32), (19, 23)) 1697813654444
((28, 32), (19, 23)) 1697813654463
((28, 32), (19, 23)) 1697813654484
((27, 31), (22, 26)) 1697813654503
((27, 31), (22, 26)) 1697813654524
((28, 32), (19, 23)) 1697813654540
((28, 32), (18, 22)) 1697813654558
((27, 31), (23, 27)) 1697813654573
Duracao: 237 ms

((21, 25), (27, 31)) 1697813655201
((21, 25), (27, 31)) 1697813655221
((21, 25), (27, 31)) 1697813655234
((21, 25), (27, 31)) 1697813655253
((21, 25), (27, 31)) 1697813655287
((21, 25), (27, 31)) 1697813655306
((21, 25), (27, 31)) 1697813655336
((21, 25), (27, 31)) 1697813655367
((21, 25), (27, 31)) 1697813655386
((21, 25), (27, 31)) 1697813655399
((21, 25), (27, 31)) 1697813655421
((21, 25), (27, 31)) 1697813655435
((21, 25), (27, 31)) 1697813655467
((21, 25), (27, 31)) 1697813655500
((21, 25), (27, 31)) 1697813655532
Duracao: 331 ms

((32, 36), (30, 34)) 1697813679281
((31, 35), (33, 37)) 1697813679297
((31, 35), (33, 37)) 1697813679317
((31, 35), (34, 38)) 1697813679332
((31, 35), (33, 37)) 1697813679350
((31, 35), (34, 38)) 1697813679367
((31, 35), (34, 38)) 1697813679388
((31, 35), (34, 38)) 1697813679404
((31, 35), (33, 37)) 1697813679421
((31, 35), (34, 38)) 1697813679435
((31, 35), (34, 38)) 1697813679458
((31, 35), (34, 38)) 1697813679479
((31, 35), (34, 38)) 1697813679495
((31, 35), (34, 38)) 1697813679515
((31, 35), (34, 38)) 1697813679564
((31, 35), (34, 38)) 1697813679631
((32, 36), (29, 33)) 1697813680066
((32, 36), (33, 37)) 1697813681153
((32, 36), (33, 37)) 1697813681169
((31, 35), (34, 38)) 1697813681189
((32, 36), (34, 38)) 1697813681204
((32, 36), (34, 38)) 1697813681228
((32, 36), (34, 38)) 1697813681249
((32, 36), (34, 38)) 1697813681265
((32, 36), (34, 38)) 1697813681284
Duracao: 2003 ms

((31, 35), (37, 41)) 1697813681299
((32, 36), (34, 38)) 1697813681319
((32, 36), (33, 37)) 1697813681335
Duracao: 36 ms

((32, 36), (24, 28)) 1697813681356
((32, 36), (27, 31)) 1697813681392
((32, 36), (27, 31)) 1697813681412
((32, 36), (27, 31)) 1697813681428
((32, 36), (27, 31)) 1697813681484
((32, 36), (27, 31)) 1697813681501
((32, 36), (27, 31)) 1697813681522
Duracao: 166 ms
