Duracao: 523 ms
(25, 22)
(29, 20)
(29, 19)
(25, 18)

Duracao: 1672 ms
(26, 15)
(25, 17)
(26, 15)
(26, 15)
(25, 19)
(26, 15)
(23, 15)
(23, 14)

Duracao: 3090 ms
(34, 40)
(34, 40)
(33, 44)
(33, 43)
(33, 43)
(33, 43)
(34, 40)
(34, 40)
(33, 43)
(33, 43)
(33, 44)
(33, 44)
(34, 43)

Duracao: 245 ms
(34, 31)
(34, 33)
(34, 33)
(34, 33)
(34, 33)
(34, 33)
(34, 33)
(34, 33)
(34, 33)
(34, 32)
(34, 33)
(34, 33)
(34, 33)
(34, 33)

Duracao: 186 ms
(34, 22)
(33, 22)
(33, 22)
(34, 20)
(33, 22)
(33, 22)
(33, 22)
(34, 19)
(33, 22)
(34, 20)
(33, 23)

Duracao: 0 ms
(33, 51)

Duracao: 119 ms
(21, 7)
(21, 8)
(23, 9)
(23, 9)
(21, 8)

Duracao: 163 ms
(25, 2)
(25, 2)
(25, 4)
(24, 2)
(25, 2)
(25, 2)
(25, 2)
(25, 2)
(25, 2)

Duracao: 132 ms
(33, 36)
(33, 37)
(33, 36)
(33, 36)

Duracao: 247 ms
(25, 22)
(21, 18)
(21, 18)
(21, 18)
(21, 18)
(21, 18)

Duracao: 254 ms
(25, 17)
(25, 18)
(25, 18)
(25, 18)
(25, 18)
(25, 18)
(25, 18)
(25, 17)
(25, 18)
(25, 18)
(25, 18)
(26, 15)

Duracao: 133 ms
(34, 26)
(33, 29)
(33, 29)
(33, 29)

Duracao: 135 ms
(33, 33)
(33, 32)
(33, 33)
(29, 32)

Duracao: 0 ms
(33, 46)

Duracao: 237 ms
(30, 21)
(30, 22)
(30, 22)
(30, 21)
(30, 21)
(30, 21)
(30, 21)
(30, 21)
(30, 21)
(29, 24)
(29, 24)
(30, 21)
(30, 20)
(29, 25)

Duracao: 331 ms
(23, 29)
(23, 29)
(23, 29)
(23, 29)
(23, 29)
(23, 29)
(23, 29)
(23, 29)
(23, 29)
(23, 29)
(23, 29)
(23, 29)
(23, 29)
(23, 29)
(23, 29)

Duracao: 2003 ms
(34, 32)
(33, 35)
(33, 35)
(33, 36)
(33, 35)
(33, 36)
(33, 36)
(33, 36)
(33, 35)
(33, 36)
(33, 36)
(33, 36)
(33, 36)
(33, 36)
(33, 36)
(33, 36)
(34, 31)
(34, 35)
(34, 35)
(33, 36)
(34, 36)
(34, 36)
(34, 36)
(34, 36)
(34, 36)

Duracao: 36 ms
(33, 39)
(34, 36)
(34, 35)

Duracao: 166 ms
(34, 26)
(34, 29)
(34, 29)
(34, 29)
(34, 29)
(34, 29)
(34, 29)
