188 17
185 26
185 30
185 30
185 30
185 30
185 30
185 30
185 30
185 30
185 30
185 30
185 30
185 30
185 30
185 30
185 30
185 30
185 30
185 30
185 30
185 30
185 30
185 30
185 30
185 30
185 30
185 30
185 30
185 30
185 30
185 30
185 30
185 30
185 30
185 30
185 30
185 30
185 30
185 30
185 30
185 30
185 30
185 30
185 30
185 30
185 30
185 30
185 30
185 30
185 30
185 30
185 30
185 30
185 30
185 30
185 30
185 30
185 29
185 29
185 29
185 29
185 28
185 27
185 27
185 27
185 27
185 27
185 27
185 27
185 27
185 27
185 27
185 27
185 27
185 27
185 27
185 27
185 27
185 27
185 27
185 27
185 27
185 27
185 26
185 26
185 24
185 23
185 22
185 21
185 21
185 20
185 20
185 19
185 18
185 18
185 18
185 18
185 18
185 18
185 18
185 18
185 18
185 18
185 18
185 18
185 18
185 18
185 18
185 18
185 18
185 18
185 18
185 18
185 18
185 18
185 18
185 18
185 18
185 18
185 18
185 18
185 18
185 18
185 18
185 18
185 18
185 18
185 18
185 18
185 18
185 18
185 18
185 17
185 17
185 17
185 17
185 17
185 17
185 17
185 17
185 17
185 17
185 17
185 17
185 17
185 17
185 17
185 17
185 17
185 17
185 17
185 17
185 17
185 17
185 17
185 17
185 17
185 17
185 17
185 17
185 17
185 17
185 17
185 17
185 17
185 17
185 17
185 17
185 17
185 17
185 17
185 17
185 17
185 17
185 17
185 17
185 17
185 17
185 17
185 17
185 17
185 17
185 17
185 17
185 17
185 17
185 17
185 17
185 17
185 17
185 17
185 17
185 17
185 17
185 17
185 17
185 17
185 17
185 17
185 17
185 17
185 17
185 17
185 17
185 17
185 17
185 17
185 17
185 17
185 17
185 17
185 17
185 17
185 17
185 17
185 17
185 17
185 17
185 17
185 17
185 17
185 17
185 17
185 17
185 17
185 17
185 17
185 17
185 17
185 17
185 17
185 17
185 17
185 17
185 17
185 17
185 17
185 17
185 17
185 17
185 17
185 17
185 17
185 17
185 17
185 17
185 17
185 17
185 17
185 17
185 17
185 17
185 17
185 17
185 17
185 17
185 17
185 17
185 17
185 17
185 17
185 17
185 17
185 17
185 17
185 17
185 17
185 17
185 17
185 17
185 17
185 17
185 17
185 17
185 17
185 17
185 17
185 17
185 17
185 17
185 17
185 17
185 17
185 17
185 17
185 17
185 17
185 17
185 17
185 17
185 17
185 17
185 17
185 17
185 17
185 17
185 17
185 17
185 17
185 17
185 17
185 17
185 17
185 17
185 17
185 17
185 17
185 17
185 17
185 17
185 17
185 17
185 17
185 17
185 17
185 17
185 17
185 17
185 17
178 30
178 30
178 31
178 32
178 33
178 34
178 34
178 34
178 35
177 38
177 38
177 38
177 38
177 38
177 38
177 38
177 38
177 38
177 38
177 38
177 38
177 38
177 38
177 38
177 38
177 38
177 38
177 38
177 38
177 38
177 38
177 38
177 38
177 38
177 38
177 38
177 38
177 38
177 38
177 38
177 38
177 38
177 38
177 38
177 38
177 38
177 38
177 38
177 38
177 38
177 38
177 38
177 38
177 38
177 38
177 38
177 38
177 38
177 38
177 38
177 38
177 38
177 38
177 38
177 38
177 38
177 38
177 38
177 38
177 38
177 38
177 38
177 38
177 38
177 38
177 38
177 38
177 38
177 38
177 38
177 38
177 38
177 38
177 38
177 38
177 38
177 38
177 38
177 38
177 38
177 38
177 38
177 38
177 38
177 38
177 38
177 38
177 38
177 38
177 38
177 38
177 38
177 38
177 38
177 38
177 38
177 38
177 38
177 38
177 38
177 38
177 38
177 38
177 38
177 38
177 38
177 38
177 38
177 38
177 38
177 38
177 38
177 38
177 38
177 38
177 38
177 38
177 38
177 38
177 38
177 38
177 38
177 38
177 38
177 38
177 38
177 38
177 38
177 38
177 38
177 38
177 38
177 38
177 38
177 38
177 38
177 38
177 38
177 38
177 38
177 38
177 38
177 38
177 38
177 38
177 38
177 38
177 38
177 38
177 38
177 38
177 38
177 38
177 38
177 38
177 38
177 38
177 38
177 38
177 38
177 38
177 38
177 38
177 38
177 38
177 38
177 38
177 38
177 38
177 38
177 38
177 38
177 38
177 38
177 38
177 38
177 38
177 38
177 38
177 38
177 38
177 38
177 38
177 38
177 38
177 38
177 38
177 38
177 38
177 38
177 38
177 38
177 38
177 38
177 38
177 38
177 38
177 38
177 38
177 38
177 38
177 38
177 38
177 38
177 38
177 38
177 38
177 38
177 38
177 38
177 38
177 38
177 38
177 38
177 38
177 38
177 38
177 38
177 38
177 38
177 38
177 38
177 38
177 38
177 38
177 38
177 38
177 38
177 38
177 38
177 38
177 38
177 38
177 38
177 38
177 38
177 38
177 38
177 38
177 38
177 38
177 38
177 38
177 38
177 38
177 38
177 38
177 38
177 38
177 38
177 38
177 38
177 38
177 38
177 38
177 38
177 38
177 38
177 38
177 38
177 38
177 38
177 38
177 38
177 38
177 38
177 38
177 38
177 38
177 38
177 38
177 38
177 38
177 38
177 38
177 38
177 38
177 38
177 38
177 38
177 38
177 38
177 38
177 38
177 38
177 38
177 38
177 38
177 38
177 38
177 38
177 38
177 38
177 38
177 38
177 38
177 37
177 35
177 33
176 34
176 33
176 33
176 33
176 32
176 32
176 32
176 32
176 32
176 32
176 32
176 32
176 32
176 32
176 32
176 32
176 32
176 32
176 32
176 32
176 32
176 32
176 32
176 32
176 32
176 32
176 32
176 32
176 32
176 32
176 32
176 32
176 32
176 32
176 32
176 32
176 32
176 32
176 32
176 32
176 32
176 32
176 32
176 32
176 32
176 32
176 32
176 32
176 32
176 32
176 32
176 32
176 32
176 32
176 32
176 32
176 32
176 32
176 32
176 32
176 32
176 32
176 32
176 32
176 32
176 32
176 32
176 32
176 32
176 32
176 32
176 32
176 32
176 32
176 32
176 32
176 32
176 32
176 32
176 32
176 32
176 32
176 32
176 32
176 32
176 32
176 32
176 32
176 32
176 32
176 32
176 32
176 32
176 32
176 32
176 32
176 32
176 32
176 32
176 32
176 32
176 32
176 32
176 32
176 32
176 32
176 32
176 32
176 32
176 32
176 32
176 32
176 32
176 32
176 32
176 32
176 32
176 32
176 32
176 32
176 32
176 32
176 32
176 32
176 32
176 32
176 32
176 32
176 32
176 32
176 32
176 32
176 32
176 32
176 32
176 32
176 32
176 32
176 32
176 32
176 32
176 32
176 32
176 32
176 32
176 32
176 32
176 32
176 32
176 32
176 32
176 32
176 32
176 32
176 32
176 32
176 32
176 32
176 32
176 32
176 32
176 32
176 32
176 32
176 32
176 32
176 32
176 32
176 32
176 32
176 32
176 32
176 32
176 32
176 32
176 32
176 32
176 32
176 32
176 32
176 32
176 32
176 32
176 32
176 32
176 32
176 32
176 32
176 32
176 32
176 32
176 32
176 32
176 32
176 32
176 32
176 32
176 32
176 32
176 32
176 32
176 32
176 32
176 32
176 32
176 32
176 32
176 32
176 32
176 32
176 32
176 32
176 32
176 32
176 32
176 32
176 32
176 32
176 32
176 32
176 32
176 32
176 32
176 32
176 32
176 32
176 32
176 32
176 32
176 32
176 32
176 32
176 32
176 32
176 32
176 32
176 32
176 32
176 32
176 32
176 32
176 32
176 32
176 32
176 32
176 32
176 32
176 32
176 32
176 32
176 32
176 32
176 32
176 32
176 32
176 32
176 32
176 32
176 32
176 32
176 32
176 32
176 32
176 32
176 32
176 32
176 32
176 32
176 32
176 32
176 32
176 32
176 32
176 32
176 32
176 32
176 32
176 32
176 32
176 32
176 32
176 32
176 32
176 32
176 32
176 32
176 32
176 32
176 32
176 32
176 32
176 32
176 32
176 32
176 32
176 32
176 32
176 32
176 32
176 32
176 32
176 32
178 27
185 42
185 43
185 44
185 44
185 44
185 44
186 42
186 42
186 42
186 42
186 42
186 43
185 46
185 46
185 46
185 46
185 46
185 46
185 46
185 46
185 46
185 46
185 46
185 46
185 47
185 47
185 47
185 47
185 47
185 47
185 47
185 47
185 47
185 47
185 47
185 47
185 47
185 47
185 47
185 47
185 47
185 47
185 47
185 47
185 47
185 47
185 47
185 47
185 47
185 47
185 47
185 47
185 47
185 47
185 47
185 47
185 47
185 47
185 47
185 47
185 47
185 47
185 47
185 47
185 47
185 47
185 47
185 47
185 47
185 47
185 47
185 47
185 47
185 47
185 47
185 47
185 47
185 47
185 47
185 47
185 47
185 47
185 47
185 47
185 47
185 47
185 47
185 47
185 47
185 47
185 47
185 47
185 47
185 47
185 47
185 47
185 47
185 47
185 47
185 47
185 47
185 47
185 47
185 47
185 47
185 47
185 47
185 47
185 47
185 47
185 47
185 47
185 47
185 47
185 47
185 47
185 47
185 47
185 47
185 47
185 47
185 47
185 47
185 47
185 47
185 47
185 47
185 47
185 47
185 47
185 47
185 47
185 47
185 47
185 47
185 47
185 47
185 47
185 47
185 47
185 47
185 47
185 47
185 47
185 47
185 47
185 47
185 47
185 47
185 47
185 47
185 47
185 47
185 47
185 47
185 47
185 47
185 47
185 47
185 47
185 47
185 47
185 47
185 47
185 47
185 47
185 47
185 47
185 47
185 47
185 47
185 47
185 47
185 47
185 47
185 47
185 47
185 47
185 47
185 47
185 47
185 47
185 47
185 47
185 47
185 47
185 47
185 47
185 47
185 47
185 47
185 47
185 47
185 47
185 47
185 47
185 47
185 47
185 47
185 47
185 47
185 47
185 47
185 47
185 47
185 47
185 47
185 47
185 47
185 47
185 47
185 47
185 47
185 47
185 47
185 47
185 47
185 47
185 47
185 47
185 47
185 47
185 47
185 47
185 47
185 47
185 47
185 47
185 47
185 47
185 47
185 47
185 47
185 47
185 47
185 47
185 47
185 47
185 47
185 47
185 47
185 47
185 47
185 47
185 47
185 47
185 47
185 47
185 47
185 47
185 47
185 47
185 47
185 47
185 47
185 47
185 47
185 47
185 47
185 47
185 47
185 47
185 47
185 47
185 47
185 47
185 47
185 47
185 47
185 47
185 47
185 47
185 47
185 47
185 47
185 47
185 47
185 47
185 47
185 47
185 47
185 47
185 47
185 47
185 47
185 47
185 47
185 47
185 47
185 47
185 47
185 47
185 47
185 47
185 47
185 47
185 47
185 47
185 47
185 47
185 47
185 47
185 47
185 47
185 47
185 47
185 47
185 47
185 47
185 47
185 47
185 47
185 47
185 47
185 47
185 47
185 47
185 47
185 47
185 47
185 47
185 47
185 47
185 47
185 47
185 47
185 47
185 47
185 47
185 47
185 47
185 47
185 47
185 47
185 47
185 47
185 47
185 47
185 47
185 47
185 47
185 47
185 47
185 47
185 47
185 47
185 47
185 47
185 47
185 47
185 47
185 47
185 47
185 47
185 47
185 47
185 47
185 47
185 47
185 47
185 47
185 47
185 47
185 47
185 47
185 47
185 47
185 47
185 47
185 47
185 47
185 47
185 47
185 47
185 47
185 47
185 47
185 47
185 47
185 47
185 47
185 47
185 47
185 47
185 47
185 47
185 47
185 47
185 47
185 47
185 47
185 47
185 47
185 47
185 47
185 47
185 47
185 47
185 47
185 47
185 47
185 47
185 47
185 47
178 40
163 46
162 50
162 49
162 49
162 49
162 49
162 49
162 49
162 49
162 49
162 49
162 49
162 49
162 49
162 49
162 49
162 49
162 49
162 49
162 49
162 49
162 49
162 49
162 49
162 49
162 49
162 49
162 49
162 49
162 49
162 49
162 49
162 49
162 49
162 49
162 49
162 49
162 49
162 49
162 49
162 49
162 49
162 49
162 49
162 49
162 49
162 49
162 49
162 49
162 48
162 48
162 48
162 48
162 48
162 48
162 47
162 47
162 46
162 46
162 45
162 45
162 45
162 45
162 45
162 45
162 45
162 45
162 45
162 45
162 45
162 45
162 45
162 45
162 45
162 45
162 45
162 45
162 45
162 45
162 45
162 45
162 45
162 45
162 45
162 45
162 45
162 45
162 45
162 45
162 45
162 45
162 45
162 45
162 45
162 45
162 45
162 45
162 45
162 45
162 45
162 45
162 45
162 45
162 45
162 45
162 45
162 45
162 45
162 45
162 45
162 45
162 45
162 45
162 45
162 45
162 45
162 45
162 45
162 45
162 45
162 45
162 45
162 45
162 45
162 45
162 45
162 45
162 45
162 45
162 45
162 45
162 45
162 45
162 45
162 45
162 45
162 45
162 45
162 45
162 45
162 45
162 45
162 45
162 45
162 45
162 45
162 45
162 45
162 45
162 45
162 45
162 45
162 45
162 45
162 45
162 45
162 45
162 45
162 45
162 45
162 45
162 45
162 45
162 45
162 45
162 45
162 45
162 45
162 45
162 45
162 45
162 45
162 45
162 45
162 45
162 45
162 45
162 45
162 45
162 45
162 45
162 45
162 45
162 45
162 45
162 45
162 45
162 45
162 45
162 45
162 45
162 45
162 45
162 45
162 45
162 45
162 45
162 45
162 45
162 45
162 45
162 45
162 45
162 45
162 45
162 45
162 45
162 45
162 45
162 45
162 45
162 45
162 45
162 45
162 45
162 45
162 45
162 45
162 45
162 45
162 45
162 45
162 45
162 45
162 45
162 45
162 45
162 45
162 45
162 45
162 45
162 45
162 45
162 45
162 45
162 45
162 45
162 45
162 45
162 45
162 45
187 3
